red_mean,luma_mean
-209.5891,-59.5704
15.8236,-59.5031
-208.7569,-59.2050
18.9223,-58.2525
-208.1082,-58.0632
17.8798,-58.3647
-210.0418,-59.0353
17.0539,-59.3440
-210.7074,-59.5140
16.5486,-59.6391
-210.9768,-59.7230
8.3084,-62.3960
-209.8229,-62.0128
10.0286,-61.4451
-208.9121,-61.1597
11.2511,-60.7544
-208.7888,-60.7053
11.8196,-60.5250
-208.7147,-60.5107
12.0960,-60.4223
-208.6319,-60.4012
13.3513,-59.9944
-206.0925,-59.1667
13.1631,-59.2264
-207.4314,-59.6348
11.0682,-60.3501
-207.9513,-60.5156
10.9460,-60.5525
-207.9908,-60.5657
10.9745,-60.5394
-207.9638,-60.5332
11.0799,-60.4918
-207.8848,-60.4584
11.2576,-60.3999
-207.8487,-60.3977
11.2743,-60.3868
-207.8436,-60.3825
11.3943,-60.3390
-207.7702,-60.3171
11.3654,-60.3568
-206.6039,-59.9597
12.6009,-59.5758
-206.6734,-59.5923
11.0603,-60.0826
-207.3536,-60.3051
10.7691,-60.4082
-207.4178,-60.4241
10.8008,-60.3891
-207.3848,-60.3766
10.8669,-60.3542
-207.3650,-60.3436
10.9310,-60.3198
-207.3618,-60.3206
10.9588,-60.3083
-207.3670,-60.3126
11.0171,-60.2923
-207.3613,-60.2970
11.1409,-60.2567
-205.3405,-59.6061
11.2883,-59.5692
-205.8047,-59.7197
9.6185,-60.2664
-206.7003,-60.5579
9.5001,-60.5918
-206.7848,-60.6214
9.5464,-60.5931
-206.7700,-60.5884
9.6482,-60.5549
-206.6647,-60.5154
9.9390,-60.4051
-206.6987,-60.4221
9.9676,-60.4144
-206.7210,-60.4165
9.9965,-60.4062
-206.6654,-60.4170
11.1010,-60.0422
-204.8634,-59.4896
10.3129,-59.7224
-206.1763,-60.1274
9.2457,-60.4970
-206.4195,-60.5725
9.2595,-60.5624
-206.4198,-60.5634
9.3276,-60.5344
-206.4367,-60.5514
9.4917,-60.4949
-206.4210,-60.4871
9.8167,-60.3755
-206.4732,-60.3903
9.8357,-60.3830
-206.4442,-60.3709
9.9416,-60.3272
-205.8890,-60.1445
12.8105,-59.2531
-205.7699,-59.2164
11.5240,-59.6313
-207.7760,-60.2612
10.1243,-60.7257
-207.8189,-60.7424
9.9144,-60.8059
-207.7542,-60.7634
9.9493,-60.7578
-207.0571,-60.5132
9.9777,-60.5031
-206.7793,-60.4120
9.9534,-60.4258
-206.7377,-60.4123
9.9686,-60.4024
-206.6390,-60.3707
10.0063,-60.3612
-204.7747,-59.7828
11.7273,-59.2212
-204.9661,-59.2850
9.8155,-59.8868
-206.4869,-60.3954
9.2835,-60.5698
-206.4715,-60.5630
9.2495,-60.5802
-206.3748,-60.5298
9.2754,-60.5201
-206.2399,-60.4711
9.3441,-60.4440
-205.8611,-60.3129
9.2720,-60.3441
-205.8613,-60.3433
9.2549,-60.3496
-205.7572,-60.3062
9.3615,-60.2730
-204.1114,-59.7692
10.9958,-59.2372
-204.7028,-59.4120
9.3418,-59.9728
-206.2705,-60.4887
9.2394,-60.5222
-206.5117,-60.6008
9.3331,-60.5376
-206.5159,-60.5490
9.7006,-60.4190
-206.4677,-60.4068
10.0281,-60.2909
-206.5086,-60.3048
10.0055,-60.3111
-206.5000,-60.3081
10.0313,-60.2986
-206.5006,-60.3001
10.1854,-60.2467
-204.5517,-59.6126
10.3353,-59.5615
-204.7332,-59.6281
8.8898,-60.1034
-205.3361,-60.3099
8.7573,-60.3547
-205.3814,-60.3675
8.8219,-60.3327
-205.5869,-60.4030
8.8150,-60.4038
-205.6165,-60.4163
8.8351,-60.4049
-205.6670,-60.4214
8.8761,-60.4054
-205.6442,-60.3973
8.9770,-60.3600
-204.9349,-60.1516
11.2333,-59.3981
-204.7436,-59.3441
10.7454,-59.4901
-206.7334,-60.1841
10.3734,-60.3179
-207.4087,-60.5251
10.3903,-60.5013
-207.4301,-60.5136
10.6143,-60.4325
-207.1784,-60.3404
10.9086,-60.2369
-207.2035,-60.2450
10.9299,-60.2405
-207.1991,-60.2401
10.9830,-60.2144
-207.1901,-60.2376
11.7221,-59.9804
-204.4274,-59.1138
12.3938,-58.9084
-205.8253,-59.3445
10.3301,-60.0019
-207.3528,-60.5081
10.0174,-60.6095
-207.3373,-60.6045
10.0045,-60.6076
-207.2777,-60.5831
9.9894,-60.5906
-207.0022,-60.4868
10.2760,-60.3977
-206.6662,-60.2750
10.3095,-60.2782
-206.4732,-60.2086
10.3094,-60.2127
-205.4611,-59.8757
13.6918,-58.8131
-205.4180,-58.7994
12.1959,-59.2780
-207.5470,-59.9839
11.1507,-60.3088
-207.7764,-60.3890
11.1516,-60.3883
-207.7756,-60.3888
11.2405,-60.3510
-207.8321,-60.3631
11.2593,-60.3634
-207.8264,-60.3633
11.3645,-60.3107
-207.8855,-60.3456
11.5031,-60.2970
-207.8235,-60.2859
12.4967,-59.9528
-204.7425,-58.9663
12.4820,-58.9787
-206.2565,-59.4653
10.4466,-60.1197
-207.3997,-60.5107
10.2349,-60.5762
-207.6426,-60.6445
10.2696,-60.5956
-207.4860,-60.5579
10.6122,-60.4477
-207.4417,-60.4315
10.8790,-60.3398
-207.4796,-60.3566
10.9233,-60.3443
-207.4827,-60.3454
11.1547,-60.2631
-206.8984,-60.0877
13.1290,-59.4337
-206.8884,-59.4313
11.7711,-59.8562
-207.3802,-60.0216
11.7973,-60.0125
-207.2996,-59.9864
11.8533,-59.9649
-207.5300,-60.0511
11.6179,-60.1364
-207.9411,-60.2745
11.6468,-60.2469
-208.0032,-60.2705
11.6593,-60.2665
-207.9791,-60.2578
11.8376,-60.1916
-207.8364,-60.1961
13.2661,-59.7143
-206.3149,-59.2348
13.1662,-59.2721
-207.9763,-59.8012
11.9484,-60.2113
-208.0374,-60.2368
11.5721,-60.3615
-208.0458,-60.3207
11.4665,-60.3619
-208.0486,-60.3656
11.5407,-60.3291
-207.8288,-60.2509
11.5380,-60.2528
-207.8594,-60.2650
11.5523,-60.2598
-207.8390,-60.2545
11.9249,-60.1402
-206.2078,-59.6099
12.1336,-59.5356
-206.6878,-59.6943
10.9108,-60.1119
-207.1247,-60.2697
10.5047,-60.3996
-207.4266,-60.4515
10.4230,-60.4875
-207.3693,-60.4643
10.4177,-60.4682
-207.2324,-60.4204
10.4109,-60.4282
-207.1423,-60.3907
10.5494,-60.3527
-206.7144,-60.1982
10.6309,-60.1757
-205.0186,-59.6123
11.0930,-59.4647
-205.1296,-59.5131
10.2086,-59.7945
-206.2085,-60.1467
9.4574,-60.4028
-206.2675,-60.4214
9.4047,-60.4378
-206.1831,-60.3923
9.4232,-60.3964
-205.9055,-60.3000
9.4344,-60.2983
-205.5466,-60.1733
9.3619,-60.2096
-205.5270,-60.2023
9.3574,-60.2086
-205.0258,-60.0349
11.3466,-59.3922
-204.7818,-59.3194
11.0539,-59.4125
-206.7209,-60.0786
10.3386,-60.2529
-207.3064,-60.4528
10.3309,-60.4529
-207.3594,-60.4705
10.3967,-60.4335
-207.3532,-60.4405
10.4855,-60.4109
-207.3288,-60.4024
10.6114,-60.3482
-207.3803,-60.3837
10.6845,-60.3574
-207.3663,-60.3555
11.3985,-60.0987
-205.5051,-59.5135
12.9439,-59.0816
-206.3620,-59.3121
11.7126,-59.6958
-207.5941,-60.1199
10.8289,-60.4035
-207.7961,-60.4699
10.6916,-60.5201
-207.7760,-60.4936
10.6874,-60.4978
-207.7262,-60.4770
10.7747,-60.4450
-207.4873,-60.3667
10.8123,-60.3654
-207.4135,-60.3394
10.8963,-60.3102
-207.1276,-60.2105
12.4257,-59.7283
-204.5533,-58.8915
12.2966,-58.9389
-206.1033,-59.4241
10.3874,-60.0406
-207.2883,-60.4441
10.2875,-60.4868
-207.4560,-60.5426
10.3031,-60.5043
-207.5077,-60.5401
10.4334,-60.4927
-207.3577,-60.4385
10.9512,-60.2432
-207.4486,-60.2763
10.9571,-60.2682
-207.4721,-60.2848
10.9794,-60.2742
-207.2095,-60.2039
11.7101,-59.9544
-204.8759,-59.1993
11.3605,-59.3281
-206.2642,-59.7594
10.0619,-60.2099
-207.0734,-60.4549
9.9018,-60.5092
-207.1203,-60.5254
9.9225,-60.5105
-207.1145,-60.5128
10.1372,-60.4356
-207.0729,-60.4172
10.3035,-60.3649
-207.0597,-60.3616
10.3526,-60.3460
-207.0456,-60.3413
10.5402,-60.2731
-206.6569,-60.1501
12.0385,-59.6652
-205.5419,-59.3002
11.9496,-59.3257
-207.3362,-59.9048
10.6707,-60.3418
-207.4286,-60.3731
10.5184,-60.4197
-207.4216,-60.3825
10.4856,-60.4074
-207.3949,-60.3970
10.5196,-60.3843
-207.1962,-60.3156
10.4918,-60.3426
-207.0899,-60.3056
10.5551,-60.2839
-206.8069,-60.1790
10.5860,-60.1778
-206.4482,-60.0510
12.8733,-59.2965
-206.3131,-59.2671
11.6460,-59.6747
-207.5577,-60.0728
10.9998,-60.2884
-207.6693,-60.3258
10.9918,-60.3276
-207.6310,-60.3157
11.1111,-60.2662
-207.6178,-60.2643
11.2945,-60.2043
-207.5979,-60.1973
11.4576,-60.1418
-207.5278,-60.1326
11.5252,-60.1069
-207.5437,-60.1130
12.0003,-59.9534
-206.5715,-59.6408
12.6581,-59.4169
-207.1757,-59.6220
11.1801,-60.1331
-207.6422,-60.2922
10.7309,-60.4433
-207.6539,-60.3974
10.6984,-60.4263
-207.5736,-60.3976
10.7557,-60.3803
-207.3057,-60.2731
10.7425,-60.2893
-207.2300,-60.2599
10.9121,-60.2053
-206.9379,-60.1078
10.9088,-60.1456
-206.6576,-60.0691
12.3762,-59.5458
-206.3896,-59.4806
11.4393,-59.7790
-207.8277,-60.2530
11.2740,-60.3113
-208.0548,-60.3851
11.2607,-60.3539
-207.8798,-60.3156
11.3773,-60.2762
-207.8101,-60.2487
11.6086,-60.1671
-207.8828,-60.1905
11.6010,-60.1939
-207.9081,-60.2030
11.6411,-60.1790
-207.9144,-60.1820
11.6734,-60.1680
-206.3376,-59.6400
11.6615,-59.6465
-206.3599,-59.6585
10.3612,-60.1033
-206.4731,-60.1343
10.2144,-60.1785
-206.4236,-60.1315
10.1457,-60.1560
-206.3949,-60.1462
10.1568,-60.1420
-206.2391,-60.0927
10.0670,-60.1226
-206.2232,-60.1191
10.0242,-60.1327
-206.1818,-60.1170
10.1184,-60.1203
-204.8582,-59.6731
11.5325,-59.2702
-205.2445,-59.3601
10.5366,-59.6739
-206.5232,-60.0950
10.4020,-60.1499
-206.7216,-60.2108
10.4137,-60.1759
-206.8131,-60.2179
10.4402,-60.2055
-206.8401,-60.2147
10.5273,-60.1888
-206.8668,-60.2130
10.5829,-60.1928
-206.8197,-60.1744
10.9624,-60.0379
-206.2053,-59.8534
13.3653,-59.0598
-206.7993,-59.2352
12.2167,-59.6585
-207.8786,-59.9988
11.2597,-60.3264
-207.9827,-60.3534
11.1600,-60.3805
-207.9714,-60.3505
11.1460,-60.3605
-207.8070,-60.3014
11.2019,-60.2794
-207.3750,-60.1295
11.1405,-60.1598
-207.3503,-60.1546
11.1465,-60.1512
-207.1618,-60.0818
11.9803,-59.8121
-206.7257,-59.7271
11.1552,-59.9591
-207.9473,-60.3270
10.5697,-60.5198
-209.0531,-60.9072
10.4545,-60.9384
-209.4589,-61.0465
10.1929,-61.1328
-209.2380,-61.0483
10.2969,-61.0281
-208.7729,-60.8602
10.3467,-60.8457
-208.4893,-60.7419
10.3521,-60.7370
-208.5193,-60.7661
10.7264,-60.6397
-206.8764,-60.1056
10.4741,-60.1691
-207.4246,-60.3556
9.7282,-60.6152
-207.4624,-60.5996
9.6154,-60.6430
-207.4563,-60.6394
9.6082,-60.6437
-207.3606,-60.6082
9.6188,-60.6132
-207.1043,-60.5261
9.6388,-60.5182
-206.9197,-60.4551
9.5675,-60.4813
-206.9086,-60.4773
9.5590,-60.4789
-206.7862,-60.4362
11.3187,-59.8839
-205.7717,-59.5642
11.1146,-59.6223
-207.2948,-60.0974
10.0887,-60.4431
-207.4852,-60.5109
10.0803,-60.5161
-207.4794,-60.5143
10.1900,-60.4706
-207.5025,-60.4850
10.3851,-60.4183
-207.3963,-60.3847
10.6875,-60.2757
-207.4425,-60.2932
10.7235,-60.2834
-207.4397,-60.2856
10.9918,-60.1830
-207.4571,-60.2195
11.8474,-59.9290
-205.9317,-59.4500
11.7702,-59.4684
-206.6020,-59.6893
10.3516,-60.1578
-206.7230,-60.1958
10.0905,-60.2794
-206.7054,-60.2323
10.0637,-60.2594
-206.5876,-60.2149
10.1131,-60.2004
-206.2199,-60.0828
10.0495,-60.1078
-206.1909,-60.1000
10.0848,-60.0848
-206.0703,-60.0394
10.0390,-60.0879
-205.5666,-59.9355
10.5254,-59.7776
-203.8492,-59.2176
9.7319,-59.4564
-204.9062,-59.7941
8.6044,-60.1635
-204.9938,-60.1847
8.5152,-60.2131
-204.9498,-60.1674
8.4444,-60.1965
-204.8696,-60.1723
8.5856,-60.1267
-204.7265,-60.0755
8.5512,-60.0908
-204.6991,-60.0832
8.5478,-60.0863
-204.6160,-60.0636
9.1868,-59.8603
-202.6210,-59.2425
10.6079,-58.8136
-203.4037,-59.0531
9.2327,-59.4823
-204.8333,-59.9428
8.1755,-60.2887
-204.9607,-60.3352
8.0635,-60.3700
-204.9332,-60.3318
8.0837,-60.3318
-204.7610,-60.2712
8.2346,-60.2167
-204.2457,-60.0463
8.2273,-60.0622
-204.1423,-60.0264
8.2380,-60.0229
-203.8245,-59.9144
10.7783,-59.1224
-202.3360,-58.7028
10.2329,-58.8413
-204.0658,-59.3891
8.5959,-59.9030
-205.1360,-60.2505
8.5099,-60.2788
-205.2414,-60.3133
8.5788,-60.2632
-205.2341,-60.2637
8.5953,-60.2584
-205.2121,-60.2528
8.8487,-60.1699
-205.1972,-60.1662
8.8455,-60.1705
-205.1479,-60.1487
9.0281,-60.0928
-202.8525,-59.3660
13.1150,-58.0527
-201.9835,-57.8110
11.3633,-58.3614
-204.4724,-59.1685
9.6121,-59.7137
-205.5840,-60.0723
8.9503,-60.3008
-205.6352,-60.3145
9.0268,-60.2821
-205.5732,-60.2601
9.2703,-60.1786
-205.5742,-60.1763
9.4086,-60.1274
-205.5652,-60.1251
9.5712,-60.0614
-205.5288,-60.0494
9.5724,-60.0609
-204.9205,-59.8465
13.9116,-58.4325
-203.3925,-58.0052
12.4661,-58.4538
-206.2783,-59.4033
10.5814,-59.9721
-207.3886,-60.3248
10.2685,-60.4252
-207.2666,-60.3730
10.2041,-60.3972
-207.1936,-60.3714
10.3001,-60.3388
-206.9842,-60.2656
10.2602,-60.2877
-206.8941,-60.2601
10.3338,-60.2328
-206.2924,-60.0325
10.2646,-60.0551
-206.0549,-59.9683
13.3119,-58.9952
-204.3114,-58.4726
12.5540,-58.7131
-206.3943,-59.3798
10.8213,-59.9211
-207.4636,-60.2865
10.7541,-60.3047
-207.5863,-60.3338
10.7919,-60.2859
-207.5115,-60.2780
10.9666,-60.2116
-207.5337,-60.2203
11.1580,-60.1624
-207.5826,-60.1829
11.2149,-60.1649
-207.5596,-60.1582
11.3529,-60.1110
-205.3651,-59.4200
15.2322,-58.1849
-205.3996,-58.2002
13.1408,-58.8589
-207.8547,-59.6685
11.8557,-60.0812
-208.4166,-60.2622
11.8453,-60.2622
-208.4620,-60.2740
11.9141,-60.2380
-208.4134,-60.2322
12.1543,-60.1470
-208.2899,-60.1043
12.3864,-60.0241
-208.2990,-60.0284
12.1996,-60.0910
-208.2714,-60.0825
12.9072,-59.8576
-204.0219,-58.4764
15.4803,-57.7027
-205.7654,-58.2524
12.7452,-59.1630
-207.6586,-59.7575
11.4050,-60.1823
-208.3629,-60.4137
11.3635,-60.4361
-208.2918,-60.4113
11.6637,-60.2947
-207.8536,-60.1481
11.5882,-60.1742
-207.8278,-60.1644
11.6198,-60.1494
-207.5360,-60.0340
11.8455,-59.9619
-207.5662,-59.9985
12.7089,-59.6893
-203.5433,-58.3887
16.0940,-57.3500
-205.1472,-57.8753
13.1937,-58.8181
-207.7984,-59.6693
11.6050,-60.1892
-208.2629,-60.3374
10.8664,-60.5771
-208.0798,-60.5111
12.0821,-60.0853
-208.0553,-60.0726
12.0508,-60.0794
-208.0320,-60.0748
11.9344,-60.1119
-208.0216,-60.1068
11.9631,-60.0982
-207.9689,-60.0626
11.9351,-60.0681
-207.8312,-60.0141
14.2504,-59.3048
-202.0809,-57.4628
15.2732,-57.1738
-205.0698,-58.1491
11.5520,-59.3669
-207.2509,-60.0386
10.4501,-60.3867
-207.5779,-60.4915
10.4716,-60.4772
-207.5639,-60.4734
10.8223,-60.3526
-207.5910,-60.3542
10.8731,-60.3361
-207.5911,-60.3377
11.0381,-60.2671
-207.6580,-60.2892
11.1345,-60.2574
-207.6491,-60.2515
11.4939,-60.1214
-207.7407,-60.1636
12.0905,-59.9525
-204.5277,-58.9397
14.5469,-58.1674
-205.8932,-58.6087
12.2591,-59.3440
-207.9969,-60.0194
11.2802,-60.3502
-208.1948,-60.4053
11.2216,-60.4243
-208.0856,-60.3564
11.3179,-60.3236
-207.6564,-60.1781
11.5098,-60.1146
-207.4333,-60.0343
11.4850,-60.0471
-207.4336,-60.0495
11.5095,-60.0415
-207.1931,-59.9636
11.5239,-59.9672
-206.6645,-59.7922
15.4651,-58.4793
-204.4298,-57.8348
13.9358,-58.3101
-207.5038,-59.3209
12.1268,-59.8817
-208.6211,-60.2509
12.0726,-60.2789
-208.5687,-60.2558
12.1287,-60.2321
-208.2062,-60.0918
12.1057,-60.1046
-208.0246,-60.0372
12.0730,-60.0504
-207.7824,-59.9551
11.9581,-60.0009
-207.7726,-59.9955
11.9731,-59.9922
-207.5376,-59.9049
15.2360,-58.8584
-206.3414,-58.5158
14.1277,-58.8572
-208.7622,-59.6526
12.9656,-59.9985
-209.3624,-60.1987
12.9277,-60.2072
-209.4138,-60.2292
13.0442,-60.1640
-209.4153,-60.1736
13.4009,-60.0531
-209.4058,-60.0513
13.7851,-59.9302
-209.4485,-59.9464
13.8187,-59.9328
-209.4456,-59.9347
14.0626,-59.8433
-207.0225,-59.0851
18.4736,-57.6770
-206.9231,-57.6634
15.8214,-58.4998
-210.0249,-59.5502
14.0947,-60.1023
-210.2743,-60.2001
13.6007,-60.3610
-210.2415,-60.2974
13.8362,-60.2307
-209.8957,-60.0925
13.8645,-60.0867
-209.6723,-60.0069
13.8093,-60.0292
-209.6400,-60.0167
13.8031,-60.0165
-209.5435,-59.9720
14.4256,-59.7712
-205.8403,-58.5820
17.3474,-57.6849
-207.1501,-58.1048
14.8375,-58.9596
-209.1481,-59.5930
14.2704,-59.7470
-210.4582,-60.1596
14.1235,-60.2129
-210.4598,-60.2142
14.2209,-60.1824
-210.3947,-60.1514
14.3437,-60.1090
-210.3456,-60.0959
14.4030,-60.0726
-210.1389,-59.9917
14.4704,-59.9827
-209.6363,-59.8143
17.9824,-58.6565
-205.4256,-57.3939
17.9646,-57.3971
-208.4265,-58.3780
15.6544,-59.0854
-210.6360,-59.8166
14.9619,-60.0514
-210.7409,-60.0812
14.9428,-60.0878
-210.5612,-59.9972
14.9403,-59.9953
-210.6619,-60.0246
15.0467,-59.9771
-210.7291,-60.0045
15.1210,-59.9695
-210.7277,-59.9693
15.3791,-59.8766
-210.0263,-59.6501
19.5967,-58.2906
-208.2771,-57.7875
17.9219,-58.3259
-211.1860,-59.2788
16.1558,-59.8394
-211.7862,-60.0717
15.5009,-60.2759
-211.7956,-60.2319
15.5759,-60.1992
-211.4231,-60.0566
15.6284,-60.0409
-211.0573,-59.9149
15.5894,-59.9275
-211.0397,-59.9197
15.5848,-59.9211
-210.9032,-59.8776
16.4378,-59.6070
-207.8458,-58.6094
19.6222,-57.6328
-208.3608,-57.7939
16.8714,-58.6849
-211.2951,-59.6440
15.5638,-60.0547
-212.2966,-60.3665
15.4852,-60.3958
-212.2342,-60.3801
15.5668,-60.3480
-211.3909,-60.0447
15.6807,-60.0040
-210.9920,-59.8615
15.6308,-59.8868
-210.8615,-59.8385
15.6119,-59.8502
-210.6256,-59.7647
18.9787,-58.6610
-206.0577,-57.2918
19.1804,-57.2293
-208.9844,-58.1936
16.7369,-58.9219
-211.5328,-59.7637
15.7589,-60.0789
-211.6861,-60.1243
15.7114,-60.1432
-211.4386,-60.0273
15.7497,-60.0185
-211.3863,-59.9975
15.7117,-60.0162
-211.2123,-59.9510
15.7297,-59.9435
-211.2391,-59.9423
15.8320,-59.9082
-208.2173,-58.9169
21.0505,-57.3146
-206.9384,-56.9284
18.8853,-57.6042
-210.3529,-58.7567
16.8742,-59.3483
-212.1403,-59.9275
16.0066,-60.1927
-212.2261,-60.2208
16.1624,-60.1739
-212.1872,-60.1707
16.6323,-60.0064
-212.0173,-59.9391
17.1103,-59.7826
-212.2020,-59.8408
17.0767,-59.8488
-212.2262,-59.8605
17.1510,-59.8236
-208.4399,-58.5760
22.1973,-57.0617
-207.6680,-56.8152
18.8076,-57.9060
-211.4686,-59.1453
16.6424,-59.8110
-213.8894,-60.5780
16.4142,-60.6399
-214.2530,-60.7598
16.4595,-60.7310
-214.1354,-60.6896
16.7566,-60.5927
-214.0511,-60.5600
16.9762,-60.4829
-214.0967,-60.4950
17.1231,-60.4388
-213.7736,-60.3349
17.0989,-60.3481
-213.1678,-60.1325
21.7135,-58.6328
-207.9827,-57.0721
21.7406,-57.0678
-212.4066,-58.5630
18.6350,-59.4634
-215.2887,-60.4223
17.5482,-60.7783
-215.4067,-60.8110
17.4878,-60.8179
-215.3119,-60.7413
17.4967,-60.7456
-215.1696,-60.6914
18.0579,-60.5013
-215.1075,-60.4766
18.1859,-60.4308
-214.9321,-60.3636
18.2106,-60.3551
-214.5223,-60.2078
18.1724,-60.2226
-211.1915,-59.1191
21.8217,-58.0084
-211.2973,-58.0497
18.6319,-59.0788
-213.6313,-59.8184
17.6826,-60.1028
-214.6164,-60.4118
17.7253,-60.3971
-214.6278,-60.4056
17.9734,-60.3205
-214.2586,-60.1955
18.1125,-60.1391
-214.2414,-60.1360
18.1469,-60.1226
-214.0197,-60.0497
18.0974,-60.0734
-213.9967,-60.0670
18.1354,-60.0523
-213.5830,-59.9148
20.0301,-59.3082
-211.2496,-58.5838
20.0428,-58.5781
-213.1473,-59.1919
18.2547,-59.7570
-213.4940,-59.8916
17.7463,-60.0496
-213.5096,-60.0131
17.6295,-60.0449
-213.5250,-60.0498
17.6565,-60.0397
-213.4929,-60.0216
17.4678,-60.0819
-213.5123,-60.0896
17.4969,-60.0710
-213.4835,-60.0537
17.4615,-60.0656
-213.4457,-60.0461
18.9819,-59.5682
-211.2022,-58.8705
18.9304,-58.8897
-212.8515,-59.4247
16.9499,-60.1052
-213.1174,-60.1844
16.3630,-60.3348
-213.1069,-60.2829
16.3141,-60.3157
-212.9595,-60.2632
16.3344,-60.2596
-212.4761,-60.0919
16.2224,-60.1345
-212.4236,-60.1137
16.2192,-60.1148
-212.1629,-60.0172
16.1773,-60.0507
-211.5782,-59.8532
17.9677,-59.2948
-209.4882,-58.6251
17.3662,-58.8149
-210.9836,-59.2950
15.6555,-59.8906
-211.1608,-59.9427
15.0288,-60.1375
-211.5192,-60.1985
14.9946,-60.2142
-211.4246,-60.1888
15.0277,-60.1761
-211.0151,-60.0313
14.8590,-60.0875
-210.9861,-60.0731
14.7927,-60.0999
-210.9242,-60.0730
14.8356,-60.0608
-210.6591,-59.9697
18.4062,-58.8443
-208.5697,-58.2143
17.4285,-58.5295
-210.8812,-59.2800
15.9318,-59.7570
-211.4198,-59.9552
15.2234,-60.1672
-211.4588,-60.1457
15.1928,-60.1585
-211.4245,-60.1516
15.1914,-60.1492
-211.1744,-60.0556
15.1512,-60.0691
-211.1334,-60.0524
15.1498,-60.0543
-210.9734,-59.9820
15.1470,-59.9853
-209.2763,-59.4618
19.0299,-58.2189
-208.1445,-57.8907
17.7548,-58.2735
-211.1957,-59.3061
16.3025,-59.7370
-212.5469,-60.1930
15.8523,-60.3345
-212.5821,-60.3484
15.8427,-60.3483
-212.4498,-60.2789
15.8399,-60.2808
-212.3400,-60.2480
15.8089,-60.2591
-212.2807,-60.2211
15.8920,-60.1978
-212.2635,-60.1984
16.5245,-59.9698
-209.3447,-59.0296
20.9732,-57.6632
-208.5727,-57.4295
18.2306,-58.2851
-212.1305,-59.4857
16.5156,-59.9865
-213.5957,-60.4780
16.5043,-60.4873
-213.5500,-60.4651
16.9116,-60.3189
-213.1049,-60.1689
16.9785,-60.1520
-213.0258,-60.1195
17.0018,-60.1131
-212.7685,-60.0213
17.1078,-59.9892
-212.6178,-59.9530
17.8222,-59.7037
-208.2195,-58.3137
20.7460,-57.4196
-209.3189,-57.7587
17.5417,-58.7830
-211.9031,-59.6383
15.8800,-60.1468
-212.1803,-60.2356
15.9152,-60.2184
-212.1975,-60.2253
16.1902,-60.1140
-212.1323,-60.0981
16.2453,-60.0768
-212.0166,-60.0325
16.4070,-59.9781
-211.9538,-59.9541
16.3830,-59.9697
-211.4859,-59.7998
17.7413,-59.3638
-207.1227,-57.9590
20.9634,-56.9691
-208.7800,-57.5053
17.4885,-58.6683
-211.8769,-59.6604
16.0298,-60.0817
-212.9042,-60.4084
16.2328,-60.3506
-212.6304,-60.2740
17.2399,-59.9324
-212.0222,-59.7451
17.4979,-59.6533
-212.3602,-59.7671
17.6160,-59.7103
-212.4081,-59.7248
17.4688,-59.7690
-212.2966,-59.7178
20.5060,-58.7372
-208.5185,-57.5894
20.4414,-57.6190
-211.8138,-58.6965
18.1923,-59.3842
-213.8093,-60.0215
17.7684,-60.1664
-213.8154,-60.1553
17.7896,-60.1559
-213.5764,-60.0546
17.8643,-60.0288
-213.4053,-59.9663
17.9173,-59.9445
-213.1740,-59.8753
17.8900,-59.8807
-213.1597,-59.8780
17.9680,-59.8505
-210.4673,-58.9976
21.9382,-57.7498
-210.0217,-57.6264
19.8576,-58.2603
-213.4586,-59.3868
17.8375,-60.0637
-214.0914,-60.2599
17.1615,-60.4644
-213.9616,-60.3691
17.2356,-60.3742
-213.3592,-60.1570
17.2471,-60.1587
-213.2857,-60.1260
17.3685,-60.0758
-213.0990,-60.0167
17.5773,-59.9390
-212.3036,-59.6891
20.5945,-58.7385
-207.0783,-57.0886
20.2440,-57.2134
-209.9791,-58.1996
16.6940,-59.2810
-212.4966,-60.1157
15.3868,-60.5415
-212.6419,-60.5616
15.5593,-60.5056
-211.8832,-60.2326
15.6527,-60.2091
-211.6722,-60.1399
15.9012,-60.0510
-211.2793,-59.9073
15.9819,-59.8766
-211.2626,-59.8916
16.6723,-59.6594
-206.2556,-58.0655
23.6783,-55.8944
-204.6288,-55.4130
19.2960,-56.8496
-207.1864,-57.6516
13.1834,-59.6085
-209.7468,-60.4117
12.1522,-60.7155
-210.3733,-60.9287
12.2594,-60.8672
-209.9466,-60.7270
12.5766,-60.6221
-209.5895,-60.5047
12.7972,-60.4175
-209.6322,-60.4418
12.9174,-60.4079
-209.3187,-60.2803
13.8888,-59.9636
-203.5569,-58.1474
18.7125,-56.6636
-204.4869,-56.9434
14.2488,-58.3939
-208.2999,-59.6133
12.5516,-60.1217
-209.9287,-60.6557
12.5136,-60.6776
-209.6982,-60.5899
12.9214,-60.4470
-209.1175,-60.2257
12.8536,-60.2449
-209.0317,-60.2052
12.7654,-60.2390
-208.9598,-60.1942
12.8128,-60.1787
-208.9809,-60.1859
13.2084,-60.0489
-206.4243,-59.2499
18.1420,-57.6882
-205.2854,-57.3718
15.2566,-58.2951
-208.8409,-59.4337
13.1775,-60.0696
-210.1788,-60.4798
13.0858,-60.5096
-210.1656,-60.5065
13.1342,-60.4897
-209.8397,-60.3762
13.2044,-60.3602
-209.6453,-60.2905
13.2550,-60.2631
-209.3720,-60.1744
13.2593,-60.1921
-209.1681,-60.1226
13.2736,-60.1189
-207.7592,-59.6461
16.8634,-58.5018
-205.3043,-57.7362
14.7535,-58.4132
-208.3491,-59.3848
12.9510,-59.9376
-209.7377,-60.4199
12.8914,-60.4074
-209.7916,-60.4252
13.1641,-60.3279
-209.7458,-60.3166
13.5837,-60.1700
-209.6781,-60.1492
13.9161,-60.0376
-209.7511,-60.0617
13.9456,-60.0481
-209.7486,-60.0491
14.1139,-59.9935
-208.1249,-59.4960
17.9157,-58.2686
-206.2697,-57.7237
15.8122,-58.3705
-209.4952,-59.4310
13.7524,-60.1095
-210.0394,-60.2670
13.2028,-60.4408
-209.9340,-60.3514
13.2746,-60.3449
-209.4273,-60.1675
13.3487,-60.1458
-209.1633,-60.0597
13.3196,-60.0758
-209.0228,-60.0292
13.3159,-60.0277
-208.7790,-59.9311
13.6710,-59.8201
-206.7249,-59.1799
17.4065,-57.9939
-206.2501,-57.8588
15.1208,-58.5615
-209.4484,-59.6110
13.7252,-60.0154
-210.8758,-60.5023
13.7291,-60.4944
-211.0843,-60.5682
13.8571,-60.5105
-210.2917,-60.2414
14.1778,-60.1264
-210.2855,-60.1328
14.3869,-60.0639
-210.3500,-60.0894
14.4218,-60.0743
-210.3379,-60.0692
14.5590,-60.0102
-207.9020,-59.2553
18.5688,-58.0052
-207.0890,-57.7895
16.2195,-58.5093
-210.1465,-59.4984
14.0781,-60.2157
-210.3402,-60.2845
13.3164,-60.4989
-210.3368,-60.4429
13.3252,-60.4422
-210.2642,-60.4159
13.3971,-60.3906
-209.8264,-60.2440
13.3031,-60.2684
-209.8144,-60.2560
13.3335,-60.2471
-209.5511,-60.1635
13.2607,-60.2039
-209.0312,-60.0275
18.1370,-58.4371
-205.3693,-57.3232
17.2710,-57.6095
-208.9795,-58.8258
14.3184,-59.7324
-210.5483,-60.2102
13.5890,-60.4465
-210.6122,-60.4682
13.6022,-60.4632
-210.3369,-60.3387
13.5888,-60.3457
-210.2594,-60.3196
13.5894,-60.3208
-210.0545,-60.2516
13.5439,-60.2650
-210.0354,-60.2645
13.5572,-60.2580
-209.9530,-60.2219
15.2046,-59.6993
-205.7336,-58.3168
18.0945,-57.4440
-207.8418,-58.1194
14.6812,-59.2746
-210.1753,-59.9858
13.5965,-60.3267
-210.2878,-60.3628
13.6403,-60.3471
-210.2447,-60.3293
13.8588,-60.2494
-210.2497,-60.2505
14.0119,-60.1885
-210.2316,-60.1876
14.2298,-60.1140
-210.3077,-60.1465
14.2994,-60.1157
-210.2876,-60.1134
14.7779,-59.9384
-209.4770,-59.6759
18.4468,-58.5006
-209.3509,-58.4782
17.3932,-58.7962
-212.0839,-59.6894
16.3110,-60.0447
-212.3150,-60.1498
15.7207,-60.3267
-212.3353,-60.2998
16.0167,-60.2011
-211.9320,-60.0619
15.9479,-60.0875
-211.8090,-60.0356
15.8528,-60.0627
-211.8108,-60.0653
15.8287,-60.0780
-211.7665,-60.0483
15.8777,-60.0586
-210.7840,-59.7176
19.2035,-58.6440
-210.5766,-58.6022
18.3091,-58.8861
-212.8457,-59.6511
16.8907,-60.1010
-213.1718,-60.1910
16.4847,-60.3308
-213.1554,-60.3234
16.4388,-60.3376
-213.0617,-60.2889
16.4212,-60.3010
-212.8683,-60.2335
16.4255,-60.2315
-212.3177,-60.0088
16.4748,-59.9934
-212.3128,-60.0216
17.0519,-59.8186
-209.5218,-58.9196
19.5501,-58.1498
-210.0558,-58.3214
17.4909,-59.0050
-212.4384,-59.7766
16.0913,-60.2286
-212.7056,-60.3265
15.8668,-60.3845
-212.7202,-60.3571
15.8720,-60.3658
-212.5423,-60.3058
16.1344,-60.2070
-212.1177,-60.0498
16.0799,-60.0701
-212.0966,-60.0638
16.0706,-60.0669
-211.9977,-60.0302
17.2458,-59.6443
-208.0288,-58.4101
19.3132,-57.7799
-209.4101,-58.2236
16.0066,-59.3215
-211.4056,-59.9249
14.9341,-60.2747
-211.5959,-60.3109
14.7866,-60.3601
-211.5299,-60.3277
14.9372,-60.2746
-211.2972,-60.1955
14.8765,-60.2181
-211.2761,-60.2021
14.8854,-60.1934
-210.9591,-60.0540
14.8408,-60.0738
-210.7347,-59.9912
16.4745,-59.4853
-206.4366,-58.1414
17.3903,-57.8769
-208.2764,-58.4657
14.3363,-59.4897
-209.9417,-59.9706
13.4047,-60.2927
-210.1236,-60.3496
13.3214,-60.3736
-210.0429,-60.3204
13.3777,-60.2982
-209.9660,-60.2692
13.4507,-60.2427
-209.7264,-60.1357
13.3924,-60.1585
-209.7322,-60.1610
13.4054,-60.1528
-209.6507,-60.1216
15.4418,-59.4677
-205.5239,-58.1879
16.5899,-57.8412
-207.6715,-58.5222
13.5348,-59.5319
-209.4279,-60.0651
12.9135,-60.2794
-209.4453,-60.2799
12.8887,-60.2843
-209.2970,-60.2044
12.8546,-60.2207
-209.2138,-60.1932
12.9224,-60.1749
-209.1070,-60.1225
12.9388,-60.1161
-209.0738,-60.1006
12.9778,-60.0835
-208.8550,-59.9937
14.2256,-59.6030
-204.8383,-58.3148
15.4418,-58.0017
-206.4200,-58.4726
12.2606,-59.5395
-207.7981,-59.9530
11.4430,-60.2203
-207.8709,-60.2516
11.3917,-60.2698
-207.7808,-60.2042
11.5339,-60.1692
-207.6325,-60.1106
11.8151,-60.0128
-207.4721,-59.9562
11.8097,-59.9650
-207.4169,-59.9451
11.8145,-59.9447
-206.9315,-59.7436
14.0092,-59.0801
-203.4387,-57.9804
13.8159,-58.0407
-205.9835,-58.8574
11.1947,-59.7293
-207.5221,-60.2481
10.9546,-60.3268
-207.8409,-60.4235
10.9710,-60.3475
-207.8600,-60.3759
11.2815,-60.2772
-207.7951,-60.2413
11.6166,-60.0942
-207.8306,-60.1035
11.7202,-60.0731
-207.8230,-60.0676
12.0262,-59.9548
-205.5433,-59.2230
16.9752,-57.6980
-203.6715,-57.1495
14.0941,-58.0760
-207.6160,-59.3831
12.1599,-59.9576
-208.8140,-60.3539
12.1032,-60.3660
-208.8742,-60.3845
12.3630,-60.2677
-208.6749,-60.2038
12.5814,-60.1193
-208.7260,-60.1341
12.6845,-60.0959
-208.8069,-60.1216
12.6953,-60.1158
-208.8080,-60.1162
12.8845,-60.0470
-204.4563,-58.6191
17.7912,-57.1520
-204.3833,-57.1361
14.3146,-58.2958
-207.3607,-59.2311
12.2345,-59.9330
-208.1511,-60.1421
12.0631,-60.1948
-208.3620,-60.2564
12.3005,-60.1590
-208.2620,-60.1193
12.3603,-60.1020
-208.2413,-60.0913
12.5303,-60.0387
-208.2125,-60.0325
12.4568,-60.0451
-208.0287,-59.9640
13.3377,-59.6826
-202.1146,-57.8099
17.6141,-56.4935
-203.1135,-56.8152
13.4145,-58.2124
-206.3811,-59.2326
11.2924,-59.8927
-207.4483,-60.2328
11.0582,-60.3039
-207.4018,-60.2796
11.1391,-60.2521
-206.8895,-60.0613
11.0802,-60.0843
-206.8127,-60.0556
11.0758,-60.0538
-206.6286,-59.9715
11.0079,-60.0034
-206.5420,-59.9669
11.8067,-59.7099
-201.8384,-58.2016
16.5931,-56.7423
-202.9175,-57.1085
12.8096,-58.3531
-206.4527,-59.4619
11.0115,-60.0016
-207.4964,-60.3368
10.9110,-60.3774
-207.4575,-60.3649
10.9931,-60.3332
-207.0164,-60.1523
11.1303,-60.1144
-206.8026,-60.0381
11.1531,-60.0321
-206.4777,-59.9042
11.1375,-59.9033
-206.5237,-59.9231
11.1977,-59.8925
-203.9585,-59.0906
15.4826,-57.7393
-203.1469,-57.4912
12.9556,-58.2904
-206.2051,-59.2875
10.7672,-59.9882
-207.0648,-60.2618
10.7122,-60.2769
-207.1136,-60.2827
10.9114,-60.1921
-206.9140,-60.1293
11.2724,-59.9953
-206.9727,-60.0080
11.3694,-59.9762
-207.0198,-59.9960
11.4770,-59.9623
-207.0462,-59.9740
11.9522,-59.8156
-204.7491,-59.0977
16.1351,-57.7663
-204.6690,-57.7524
13.5559,-58.6069
-206.9759,-59.3212
11.6329,-59.9648
-207.4258,-60.1120
10.9235,-60.3271
-207.3894,-60.2729
11.0792,-60.2238
-206.7774,-60.0149
11.1857,-59.9742
-206.5514,-59.9039
11.2160,-59.8944
-206.5386,-59.8873
11.2088,-59.8900
-206.2180,-59.7541
12.4806,-59.3649
-200.7765,-57.6417
15.3439,-56.7871
-202.7041,-57.4136
11.2421,-58.7443
-205.5556,-59.6126
9.4469,-60.2033
-205.6886,-60.2393
8.8176,-60.4410
-205.5265,-60.3350
9.0506,-60.2839
-204.9158,-60.0666
9.0646,-60.0661
-204.7355,-59.9945
8.9971,-60.0300
-204.5764,-59.9680
8.9774,-59.9781
-204.1443,-59.8229
10.6596,-59.3166
-198.3740,-57.4622
13.0166,-56.7591
-200.5759,-57.4721
8.7977,-58.8657
-203.2664,-59.7020
7.0169,-60.2849
-203.3980,-60.3247
6.5739,-60.4513
-203.3349,-60.3868
6.8311,-60.3012
-202.5702,-60.0424
6.7857,-60.0623
-202.4906,-60.0248
6.7842,-60.0237
-202.1486,-59.9029
6.7583,-59.9088
-202.0382,-59.8663
9.1096,-59.1250
-197.7724,-57.7824
9.7963,-57.5852
-200.4237,-58.4559
6.8301,-59.3944
-202.7279,-60.1195
6.6261,-60.1815
-202.7319,-60.1832
6.6104,-60.1885
-202.6747,-60.1548
6.6338,-60.1513
-202.1040,-59.9543
6.5070,-59.9920
-201.8256,-59.8855
6.4541,-59.9057
-201.6535,-59.8499
6.4326,-59.8588
-201.3907,-59.7436
6.6471,-59.6977
-198.0882,-58.6212
8.6871,-58.0057
-199.1616,-58.3450
6.1299,-59.1565
-200.8383,-59.6856
4.6789,-60.1697
-200.8818,-60.1942
4.7603,-60.1586
-200.8241,-60.1316
5.1609,-59.9888
-200.7538,-59.9775
5.2930,-59.9288
-200.7289,-59.9177
5.5984,-59.8134
-200.7153,-59.8089
5.5626,-59.8234
-200.6275,-59.7907
8.2451,-58.9373
-197.0922,-57.8257
8.4412,-57.7615
-199.0477,-58.3733
5.5368,-59.3688
-200.7088,-59.8516
4.7184,-60.1245
-200.7599,-60.1379
4.6854,-60.1466
-200.6148,-60.0915
4.7507,-60.0669
-200.5391,-60.0484
5.0306,-59.9466
-200.4639,-59.9166
5.1380,-59.8821
-200.4865,-59.8999
5.7882,-59.6438
-198.8506,-59.1434
10.6384,-57.5831
-198.3412,-57.5581
8.2400,-58.2604
-201.3825,-59.2379
6.3236,-59.8416
-202.4237,-60.1705
6.0005,-60.2867
-202.3996,-60.2645
6.3412,-60.1193
-202.1878,-60.0480
6.3661,-60.0452
-201.8298,-59.9218
6.3422,-59.9403
-201.7426,-59.8983
6.3200,-59.9073
-201.6490,-59.8723
8.0594,-59.3244
-196.5935,-57.7085
10.4048,-57.0335
-198.7555,-57.6974
6.8388,-58.9119
-200.8010,-59.4840
4.8665,-60.1206
-201.0419,-60.2017
4.8536,-60.2097
-201.0588,-60.2136
5.1053,-60.1159
-201.0006,-60.1092
5.2804,-60.0505
-200.9563,-60.0278
5.4870,-59.9419
-200.9379,-59.9332
5.4635,-59.9469
-200.5377,-59.8130
9.2823,-58.5635
-195.6982,-57.1011
9.6930,-56.9585
-198.7131,-57.9301
6.3452,-59.0663
-201.1914,-59.7955
4.8487,-60.3095
-201.4475,-60.3318
4.8063,-60.3493
-201.2379,-60.2743
4.8728,-60.2557
-200.7204,-60.0523
4.9725,-60.0348
-200.2210,-59.8626
4.8791,-59.9022
-200.1265,-59.8690
4.9888,-59.8330
-199.7455,-59.7028
9.1918,-58.3550
-196.8033,-57.4879
9.1384,-57.5037
-200.2770,-58.6435
6.6066,-59.4269
-201.7720,-59.9028
6.3953,-59.9781
-202.1071,-60.0695
6.4229,-60.0070
-202.0344,-59.9841
6.5420,-59.9501
-202.0421,-59.9569
6.9058,-59.8301
-202.0809,-59.8432
7.0104,-59.8070
-202.0939,-59.8118
7.4402,-59.6652
-200.2169,-59.0863
11.8791,-57.6702
-200.1751,-57.6715
9.5476,-58.4140
-203.1826,-59.3891
7.5855,-60.0409
-203.5307,-60.1344
6.9975,-60.3498
-203.4651,-60.2865
7.0425,-60.2809
-202.7968,-60.0457
7.0409,-60.0451
-202.4975,-59.9347
6.9548,-59.9607
-202.4912,-59.9539
6.9534,-59.9581
-202.4029,-59.9114
9.0087,-59.2628
-198.3643,-57.9571
10.8550,-57.4022
-200.3303,-58.0214
7.3064,-59.2087
-202.3552,-59.8212
5.8447,-60.2916
-202.4390,-60.3254
5.8722,-60.3147
-202.2895,-60.2580
6.1501,-60.1604
-202.0905,-60.0960
6.6345,-59.9313
-202.1493,-59.9520
6.8170,-59.8853
-202.0920,-59.8659
6.7985,-59.8826
-201.4319,-59.6363
10.1463,-58.5730
-196.6564,-57.1114
10.4262,-57.0123
-199.3391,-57.8984
7.2691,-58.9155
-201.2550,-59.5213
5.4595,-60.1258
-201.3707,-60.1535
5.3158,-60.1941
-201.5405,-60.1993
5.3143,-60.2024
-201.3786,-60.1464
5.3828,-60.1196
-200.9217,-59.9563
5.3172,-59.9871
-200.8908,-59.9806
5.4029,-59.9435
-200.6117,-59.8430
9.7946,-58.4279
-195.2090,-56.7861
10.2011,-56.6603
-198.1570,-57.6244
6.3094,-58.8798
-200.9925,-59.7453
4.1077,-60.4747
-201.2278,-60.5578
4.1481,-60.5310
-201.1638,-60.5105
4.4646,-60.3947
-201.0609,-60.3595
5.0130,-60.1647
